# This file may be used to create an environment using:
# $ conda create --name <env> --file <this file>
# platform: win-64
annotated-types=0.7.0=pypi_0
anyio=4.13.0=pypi_0
asttokens=3.0.1=pypi_0
bzip2=1.0.8=h2bbff1b_6
ca-certificates=2026.5.14=haa95532_0
certifi=2026.5.20=pypi_0
colorama=0.4.6=pypi_0
comm=0.2.3=pypi_0
debugpy=1.8.21=pypi_0
decorator=5.3.1=pypi_0
distro=1.9.0=pypi_0
executing=2.2.1=pypi_0
h11=0.16.0=pypi_0
httpcore=1.0.9=pypi_0
httpx=0.28.1=pypi_0
idna=3.18=pypi_0
iniconfig=2.3.0=pypi_0
ipykernel=7.3.0=pypi_0
ipython=9.14.1=pypi_0
ipython-pygments-lexers=1.1.1=pypi_0
jedi=0.20.0=pypi_0
jiter=0.15.0=pypi_0
jupyter-client=8.9.1=pypi_0
jupyter-core=5.9.1=pypi_0
libexpat=2.8.1=hd7fb8db_0
libffi=3.4.8=h2b21627_2
libzlib=1.3.2=h1c6eee0_0
markdown-it-py=4.2.0=pypi_0
matplotlib-inline=0.2.2=pypi_0
mdurl=0.1.2=pypi_0
nest-asyncio2=1.7.2=pypi_0
openai=2.41.1=pypi_0
openssl=3.5.7=hbb43b14_0
packaging=26.0=py311haa95532_0
parso=0.8.7=pypi_0
pip=26.1.1=pyhc872135_1
platformdirs=4.10.0=pypi_0
pluggy=1.6.0=pypi_0
prompt-toolkit=3.0.52=pypi_0
psutil=7.2.2=pypi_0
pure-eval=0.2.3=pypi_0
pydantic=2.13.4=pypi_0
pydantic-core=2.46.4=pypi_0
pygments=2.20.0=pypi_0
pytest=9.0.3=pypi_0
python=3.11.15=h1044e36_0
python-dateutil=2.9.0.post0=pypi_0
python-dotenv=1.2.2=pypi_0
pyzmq=27.1.0=pypi_0
rich=15.0.0=pypi_0
setuptools=82.0.1=py311haa95532_0
six=1.17.0=pypi_0
sniffio=1.3.1=pypi_0
sqlite=3.51.2=hee5a0db_0
stack-data=0.6.3=pypi_0
tk=8.6.15=hf199647_0
tornado=6.5.7=pypi_0
tqdm=4.68.2=pypi_0
traitlets=5.15.1=pypi_0
typing-extensions=4.15.0=pypi_0
typing-inspection=0.4.2=pypi_0
tzdata=2026b=he532380_0
ucrt=10.0.22621.0=haa95532_0
vc=14.3=h2df5915_12
vc14_runtime=14.44.35208=h4927774_12
vs2015_runtime=14.44.35208=ha6b5a95_12
wcwidth=0.8.1=pypi_0
wheel=0.46.3=py311haa95532_0
xz=5.8.2=h53af0af_0
zlib=1.3.2=h1c6eee0_0
